# Vessel MMSI List
# Generated: 2025-11-04 03:07:44
# Total Vessels: 1065

257949600
258221500
259016380
257642000
257914900
259419000
257071280
258130000
257004700
258305000
257605000
258394000
257837700
257861700
257004250
257055930
257055990
257056190
257004260
257781000
257151900
257096170
258610000
257928700
258020030
257055910
257104510
259204000
257026800
257382000
257063650
257042930
257933900
257124480
257557600
211211460
257088090
257563000
259043000
258016910
257963000
257891600
257036840
259031710
257090840
258364000
258015890
258534000
257093980
257210000
258512000
257518900
257039660
259031700
257430000
258587000
257874500
258003630
258021830
211210120
259998000
257055860
259301000
259526000
257191000
257479000
257061390
257688000
258352500
258998000
258098500
259955000
257036670
259045000
230994000
257373400
257220500
257111010
259019050
219011207
259129000
258476000
257534800
258188000
245974000
257256000
258027970
257968600
232002833
258901000
258622000
258189000
257283400
257017290
258558000
258006930
257090580
258008100
257992800
257072000
257306000
257181500
211903000
257689600
257588000
257999800
257178000
257747000
209449000
257010590
257882000
259001980
257492000
257273900
257467000
246700000
259488000
257371000
257590000
258293000
258316500
257083200
314298000
259203000
257629000
258999000
258023570
257006640
259019030
227000000
259631000
259584000
258566000
258031000
257017430
259031720
259030300
258041000
259134000
257130570
256281000
231867000
257257000
257011660
257092200
257861600
257893700
258695000
229061000
314303000
259119000
257060960
257105000
257361400
258180000
257085210
257054580
219721000
259405000
257243800
257106900
257973000
258356000
219016713
257090830
257215000
257092350
257744000
258383000
257837000
319451000
257534500
259577000
259397000
257644000
257262000
258763000
258232000
257003080
259000790
259610000
257586000
257130000
257987000
257002270
257379400
258221000
259016200
257343000
259506000
257175000
258018390
258450000
259042000
257506700
257985000
258656000
219347000
219031446
257107510
219348000
563185400
258044000
258062000
257001580
257948800
256149000
257756000
259822000
258568000
259393000
257684000
257119590
258326000
257377000
257571000
247187700
257398000
257101490
258517000
311001044
304979000
259014000
257301500
257782000
247389200
259005950
258032200
319033400
257056010
257969000
257007520
257558000
257846000
257084800
259475000
257659000
257461000
258033200
258114000
259366000
257039730
219026522
259001560
257152000
231523000
258709000
258824000
257155400
257053350
255806190
257073700
258066000
258334000
257555800
257036400
259017000
257080050
257614000
257156700
257537000
375219000
257069500
314318000
257082200
259019000
247312900
258761000
259123000
257080180
311001141
259869000
257309400
228016600
257031860
257130780
259142000
257077570
234635000
257186000
244124000
311001109
257346000
231766000
255801940
257789000
258791000
257403000
258829000
258028100
245593000
257008000
257114970
257087580
257473000
319137800
257884900
257094150
257104940
538070349
259018000
255805587
257791290
257609500
257526000
314217000
258746000
257725000
259029000
245464000
258009780
258007280
259101000
219023116
246141000
247302900
244059000
257070650
230995000
311000840
257090750
247353700
257388400
257736000
257574600
258202500
258024000
232026551
257123850
257304000
230357000
219996000
503166770
258713000
258657000
258613000
209956000
314292000
259029690
259040000
246547000
258171500
259112000
259113000
259299000
215610000
311001151
231099000
257414000
257024820
257235600
259279000
311001327
257008300
257233000
209762000
259019500
257031080
257346900
258060000
230666000
258361500
257099960
259210000
258771000
231856000
257235000
257752000
259008580
257347000
257534700
257785500
258327000
257061880
219730000
257293000
259046000
215973000
231251000
257200000
258632000
257835900
257701000
257415000
259371000
257264500
257124000
258648000
258104000
257007300
257019640
257633490
314701000
314417000
314415000
257042030
259827000
258059000
259076000
259367000
219025221
636024234
258738000
563221600
249596000
304997000
265509140
258003290
257385000
257053240
636021348
258944000
257033490
257016000
314633000
257033070
309937000
257739600
314474000
314255000
219794000
257673000
257077600
352001160
257937000
314618000
258478000
219014891
314455000
314418000
259179000
244020000
257446000
257457700
215224000
257027910
255806207
259989000
259183000
258150500
257059320
257893800
538007673
305819000
578001700
249934000
258043000
247385300
311583000
374395000
219829000
314620000
538008083
257593900
311000987
257095920
257552000
257200220
258027000
311085000
232012490
232021171
310556000
257237000
257835000
314621000
311000441
235379000
229678000
310459000
257733500
255752000
305810000
563192100
314606000
305561000
244638000
257753000
248721000
258094000
258865000
538010309
244321000
563106200
235106595
314632000
257276000
258465000
257086980
258467000
258895000
257063530
305656000
259080000
215105000
257903000
231843000
257689000
538011031
231855000
235114799
257478800
304367000
538008162
257286000
259121000
231114000
314472000
257269600
257282000
247255400
314260000
259143000
215064000
259027520
257988000
311000608
311055300
304978000
257803000
255802950
257881900
259859000
231812000
258375000
259154000
231075000
258283000
257746000
258108000
259034790
257163320
245871000
257036140
636093313
231522000
258993000
258269500
257181400
258407000
258082000
244178000
259377000
257098000
259087000
259047000
257084140
258712000
246483000
259199000
257463000
258737000
258857000
258595000
257468000
257174400
265289000
258125000
257438000
258166000
630001042
255801970
231108000
259332000
259041500
257201000
257976500
212530000
257518000
257364000
257609000
257228700
257036360
257247000
257000020
231873000
319261700
257377400
257249500
319232200
259322000
255805883
257307000
258825000
257114000
210855000
259458000
258159000
352842000
258384500
258416000
314584000
257410000
257266000
258132000
259632000
257105640
257979000
257068010
259532000
305224000
257793000
258879000
257121000
257052800
211336220
257737000
257070440
257577000
215211000
219339000
257028360
257421000
258056000
261003537
258124000
248886000
257458000
250002443
257074640
257015600
257019510
314218000
319301000
258470000
258279000
215382000
259255000
231234000
244090800
257794000
257207000
538006310
257115000
257404000
258169000
257141000
257252000
259468000
257961600
246667000
257954000
258026520
257270800
305662000
210350000
257071350
258306500
257825000
258144000
257684700
230049000
257419000
259040100
257088000
209903000
259479000
229015000
257302000
257934000
314262000
257578600
232866000
219014892
257867000
257676000
257078100
259345000
257671900
258009500
245070000
259018930
257241000
259034170
258812000
259538000
257576000
257294720
257693000
257723000
257683000
257706000
257059310
259778000
258577000
304011027
257601000
259934000
259026000
257012480
257307940
219027995
257677900
257020390
258077000
259012000
257108950
538007837
257796000
231902000
257597000
246449000
314424000
246512000
259088000
257766000
257042320
257129610
257271000
257953800
257304700
257132900
257028000
219023617
258008380
212953000
244030746
257754000
259032100
259425000
257123990
259508000
257916600
259995000
257203000
248221000
244859000
259465000
314019000
304332000
250004612
257749000
259665000
257291000
259390000
257643000
257798800
258152000
244630128
257113000
257374000
257668000
258183000
314438000
259074000
257088660
257067200
538007874
219668000
314258000
257816500
259655000
305804000
319205600
259015000
259417000
257576600
258207880
266155000
231800000
636092635
259883000
230942970
257012200
257230500
258571000
257658900
257098540
257090730
258217000
257602000
259522000
257011500
257226500
305299000
304146000
319058900
259704000
258153000
311001499
219000035
538004905
257863000
244140388
257013000
325314700
257990600
257136000
314191000
257032830
257915600
308654000
257428000
257327000
236385000
257626000
259528000
211249810
259317000
258430000
258156000
257550000
231837000
244790047
266201000
257917000
259038700
319293900
314037000
259653000
209078000
258170000
257035870
258343000
259305000
249556000
257872000
314552000
257696800
229090000
319213600
209190000
257278400
259040090
266475000
257440500
314020000
259007800
258289500
236446000
538006249
236669000
257714500
257321400
258013510
257657600
257409000
275551000
255805981
205250970
266459000
259604000
259281000
258184000
257268700
259647000
257041670
257032500
257122640
258030900
246244000
265339000
257144700
259167000
259166000
246996000
257817500
314702000
257209400
257368900
230091950
211316290
311027100
259360000
231790000
257315000
244956000
258245000
257285400
246337000
257974000
258403000
232039997
219775000
259602000
257183000
257553600
257015000
314423000
304814000
258015500
314603000
259543000
257101030
259320000
259657000
257477000
259026900
246695000
314182000
257231000
258228500
314553000
314419000
314602000
257619000
257069640
257181020
258315000
259034890
259139000
257114400
314554000
257574500
257336000
259651000
257018140
257043500
265472000
259536000
212878000
308785000
257372000
257905500
257492800
257100800
257079000
258116000
231851000
231834000
266465000
246591000
265738430
258313000
258325000
246518000
257159000
258442000
305343000
257312000
257188000
210445000
275497000
257072440
259408000
375116000
257031710
258030880
257913000
231850000
258324000
304011026
232028941
259187000
257039490
258143000
257947000
259161000
257386000
257023000
257036300
258030940
257904000
257094360
244267000
257088370
259071000
257914000
257982000
257190140
257208800
314475000
257116000
257062400
257718000
255801980
257086660
244218000
257212000
246869000
257036880
257071620
257001950
236701000
304145000
265013000
257541600
257129000
232016424
209318000
210118000
258210000
257987800
236111791
257084540
257719000
257042700
257816000
257149120
258313500
319236200
304267000
257031840
314238000
246474000
257209600
308445000
257153000
257659800
314036000
257411000
236668000
259319000
232009818
257852000
259004230
259009000
257044340
257367000
257128000
257952600
305729000
259031000
258969000
258031070
258582000
258069000
257521000
257319000
257018700
246476000
257060000
219034285
219076000
257056000
257597900
259034410
257437000
259021000
970026690
970020031
970020430
970024905
970024843
970024831
970015127
970013575
252957628
255991148
257019339
970024915
970019391
970015612
258857389
970022379
259499725
970028041
970015611
258662295
970016808
258026130
259658280
258407020
970028042
259675208
258215352
259818142
970014502
258179340
792822290
970020770
258396846
258026890
449895796
970024672
